463,502,238
157,161,19
996,824,860
950,816,821
49,53,1
319,343,104
272,289,62
904,813,785
877,802,753
942,817,759
263,294,54
79,80,3
536,575,290
729,713,575
925,798,778
313,340,84
137,140,9
478,515,228
633,633,373
204,215,34
252,266,49
53,55,1
66,69,1
831,761,626
350,386,118
156,162,15
73,74,2
895,802,742
519,558,275
120,123,7
750,733,571
454,498,208
10,10,0
146,148,12
574,600,324
731,714,540
998,846,846
537,579,289
586,632,376
167,173,17
752,743,589
650,657,429
237,261,41
958,815,794
533,562,286
627,653,434
715,706,520
158,160,15
220,232,31
223,235,38
358,397,117
233,245,42
820,759,638
777,743,583
92,92,3
791,753,619
841,776,664
277,296,60
998,819,816
4,4,0
341,389,118
546,581,350
33,33,0
774,750,609
725,711,533
873,786,707
150,155,11
761,738,591
706,710,523
888,793,716
748,726,552
753,724,548
270,289,63
420,465,173
107,107,7
784,739,592
38,38,1
606,626,426
112,112,7
429,479,214
213,227,32
130,130,11
243,259,55
618,643,403
260,283,50
487,539,254
779,743,591
362,397,118
394,441,159
670,677,459
646,659,433
786,738,585
4,4,0
684,690,476
394,428,130
830,767,713
405,446,148
662,678,447
669,692,562
576,619,389
521,553,257
135,135,10
625,647,406
151,158,14
544,589,324
306,340,90
408,455,162
917,808,736
572,612,339
365,402,117
32,33,0
969,819,778
846,793,710
570,603,317
233,248,40
265,282,50
287,307,67
65,66,2
770,736,621
853,782,721
602,648,387
247,256,50
729,726,556
767,731,559
463,514,233
536,586,347
271,293,72
187,197,21
70,70,2
823,757,662
164,168,20
783,719,545
66,66,2
851,783,682
484,520,247
532,581,305
962,832,809
992,833,917
922,814,779
779,745,604
824,770,654
253,269,55
983,828,839
87,89,4
929,793,740
900,806,750
480,533,265
497,539,248
311,338,77
979,825,855
218,227,39
318,355,89
194,207,29
751,721,556
566,598,372
443,477,213
209,219,35
120,124,8
799,752,678
373,414,139
980,836,821
679,684,473
389,427,143
725,724,552
490,535,254
233,242,38
713,690,457
602,636,393
819,770,653
726,720,523
617,624,406
409,459,188
820,754,653
865,803,726
863,782,708
544,580,302
432,462,170
56,56,1
735,703,490
191,197,26
960,821,799
45,45,0
316,353,90
426,466,170
271,285,57
75,77,2
464,517,232
377,426,147
460,511,220
592,635,388
101,104,5
54,54,1
175,177,20
384,429,160
672,686,449
820,777,661
713,708,522
726,725,555
767,741,612
124,127,11
343,374,128
615,648,461
150,152,17
841,786,693
314,348,95
749,726,566
642,659,406
445,488,195
566,570,299
43,43,1
587,619,344
969,817,784
874,784,699
552,581,295
508,556,270
930,804,755
19,19,0
478,523,233
100,102,5
111,114,6
137,142,10
662,669,453
802,760,659
779,749,639
290,307,75
405,439,154
939,798,757
975,819,764
833,783,707
512,560,281
199,208,28
833,770,701
892,777,754
16,16,1
551,586,362
257,275,49
857,793,728
578,596,336
105,109,5
714,691,490
77,77,3
558,583,298
366,409,117
510,552,271
591,641,384
850,780,709
930,811,844
471,526,242
807,772,756
509,553,302
920,801,804
105,108,7
683,691,527
635,653,490
439,480,211
167,181,18
683,696,559
358,393,127
13,13,0
125,132,10
896,794,817
424,472,196
153,153,17
213,223,37
794,761,714
928,803,793
167,171,18
685,673,474
822,760,664
27,29,0
211,223,38
306,330,98
574,602,360
66,67,2
633,668,456
523,562,286
755,725,610
933,801,739
980,828,896
80,81,3
790,737,656
547,588,356
948,826,854
520,565,269
95,95,3
505,549,288
239,254,48
418,472,192
620,631,416
663,676,462
89,93,4
412,450,181
260,275,55
532,578,296
958,828,827
251,261,47
672,680,473
455,512,224
331,356,85
417,463,172
752,734,646
742,721,615
577,615,403
638,653,450
162,171,17
112,116,8
520,558,307
593,626,411
629,645,424
494,540,263
616,655,418
354,391,111
43,43,1
385,423,142
701,707,526
557,592,325
805,757,641
228,243,40
306,331,80
515,562,281
951,822,802
399,442,157
5,5,0
178,180,26
753,732,553
827,764,656
276,297,67
714,698,514
554,583,308
439,492,195
495,528,239
114,122,6
543,591,319
855,781,709
302,331,85
294,317,80
531,568,325
355,401,125
612,631,373
815,755,580
987,831,811
335,367,112
475,529,267
320,351,102
499,527,268
289,301,64
73,74,2
141,142,10
687,689,486
451,501,211
470,525,229
941,801,718
76,76,3
133,135,10
314,342,88
364,403,122
106,107,9
26,27,0
800,744,571
652,657,447
917,818,783
620,660,420
438,496,199
9,9,0
186,190,24
312,341,101
592,625,381
219,225,44
843,774,681
93,95,6
361,402,125
961,824,800
506,570,283
384,428,133
174,181,20
520,544,262
290,304,70
248,260,41
815,752,640
31,31,1
301,326,86
178,186,24
163,167,19
818,758,661
815,762,642
144,149,11
411,452,170
777,748,605
623,650,402
536,575,286
595,628,380
591,619,356
552,585,307
684,703,533
572,611,363
330,361,100
356,385,112
435,488,200
833,767,628
221,235,35
406,446,150
416,453,174
250,264,50
55,55,1
0,0,0
976,836,851
622,647,420
946,820,835
745,730,616
530,576,297
944,813,801
352,391,131
95,97,4
388,428,155
995,837,862
724,717,543
589,613,344
1,1,0
236,246,35
734,714,547
90,91,4
414,461,170
190,198,23
235,249,42
42,43,0
272,292,61
925,816,821
491,527,310
355,384,120
621,642,438
940,810,770
648,650,413
226,243,35
610,630,390
926,789,725
886,799,740
717,708,519
73,75,3
153,156,16
465,498,212
90,90,3
696,695,517
205,212,33
147,156,13
874,790,752
284,312,80
338,373,101
759,732,638
997,850,927
692,703,564
303,332,78
545,580,310
330,357,102
221,233,33
588,618,381
143,151,11
914,790,734
761,740,613
810,754,643
435,483,189
477,527,232
152,158,13
76,77,2
414,451,168
683,681,476
157,163,15
243,251,46
233,243,47
569,603,351
146,152,12
479,536,267
922,806,795
880,804,960
469,516,234
283,309,72
215,222,35
197,210,24
618,654,403
511,556,271
646,661,436
730,714,509
601,624,368
181,183,21
991,831,807
843,791,731
24,26,1
103,105,7
318,343,85
383,422,145
648,671,498
563,599,352
687,689,506
390,439,139
416,459,170
177,182,21
170,177,21
399,426,135
990,841,844
428,478,185
236,247,43
388,441,158
880,790,775
510,556,288
446,496,211
440,486,213
454,501,208
340,367,96
164,174,17
59,59,1
61,65,2
359,409,122
117,123,6
194,199,25
656,688,506
783,736,627
864,790,824
563,610,383
254,273,59
920,804,784
485,532,265
207,217,33
359,399,130
635,632,433
74,74,2
162,168,19
509,546,296
339,380,124
616,649,432
929,800,754
215,221,32
675,684,486
47,47,0
363,411,131
536,566,290
203,213,28
70,73,2
294,320,70
39,41,0
62,62,2
306,329,84
713,710,622
643,673,483
474,519,238
128,130,8
903,800,786
930,815,814
646,669,473
178,183,24
21,21,0
869,809,757
384,426,145
851,769,654
576,603,366
590,632,413
934,809,814
870,795,724
132,135,11
235,250,44
542,584,319
389,441,161
482,523,243
123,125,9
828,757,662
832,772,679
367,420,127
451,496,208
795,760,646
861,789,732
865,789,731
952,824,819
790,738,682
482,528,249
126,129,9
262,285,64
482,528,256
471,548,250
229,245,38
353,393,115
595,624,356
213,230,37
406,449,176
930,808,773
250,269,53
296,319,79
8,10,0
547,591,330
179,181,25
340,373,136
232,243,41
219,236,39
821,755,747
461,514,253
189,201,20
72,72,2
872,764,819
726,709,532
527,567,327
105,109,9
944,789,917
581,611,417
494,547,259
637,655,432
104,104,5
971,821,840
625,655,428
871,794,756
478,509,243
507,544,290
487,533,289
59,61,2
281,296,84
754,705,556
378,421,141
663,669,462
294,308,73
820,764,661
143,151,11
176,181,21
114,116,6
651,659,482
374,414,131
230,250,37
648,685,490
995,842,882
24,24,0
82,82,3
855,792,730
32,32,0
975,827,818
744,720,543
242,255,49
909,810,785
55,55,1
950,818,803
680,693,506
857,785,722
531,572,296
891,802,800
35,39,0
658,671,476
154,157,14
349,383,112
155,160,17
629,669,460
542,558,299
569,625,387
603,636,414
938,816,774
784,742,619
464,510,223
336,367,104
786,744,635
716,716,649
591,621,466
534,563,339
662,670,559
929,814,953
712,703,610
350,388,130
567,618,538
321,363,110
869,796,748
706,717,581
450,499,219
254,272,52
682,683,480
766,733,581
422,472,183
652,654,426
883,786,680
771,759,645
190,190,27
694,682,486
237,253,43
968,825,841
594,637,409
78,80,2
478,513,231
836,768,660
453,499,213
744,732,601
648,668,458
979,826,831
783,759,654
927,808,774
628,647,438
112,114,7
820,754,642
304,327,84
782,746,617
167,172,22
636,641,444
140,144,10
851,788,736
14,17,0
733,723,570
338,381,113
371,412,133
638,657,427
434,488,201
676,676,467
815,775,698
359,398,137
565,607,375
406,441,159
267,280,57
266,279,59
725,721,593
372,413,139
193,198,29
755,737,597
813,759,625
411,460,171
14,14,0
509,555,268
299,324,72
591,634,389
615,646,411
53,53,1
296,313,75
471,525,229
143,149,12
304,330,86
323,360,104
928,812,770
114,116,6
861,775,686
647,677,462
747,736,629
2,2,0
75,76,2
794,743,607
892,797,739
627,643,418
190,203,25
497,541,260
999,825,859
599,644,435
950,821,886
83,85,4
624,640,400
198,211,29
311,345,86
291,315,71
10,10,0
893,798,757
157,159,15
393,438,144
473,517,216
145,150,15
269,282,54
909,801,744
150,154,13
222,234,36
804,742,579
909,799,707
933,806,777
439,484,197
305,329,83
371,405,133
388,428,157
20,22,0
146,152,11
44,44,1
382,426,146
226,239,39
506,545,272
993,836,937
577,614,398
822,767,721
101,103,5
323,347,95
74,76,2
434,482,193
898,793,770
458,501,239
940,821,819
250,272,46
733,712,544
399,447,163
980,844,884
295,319,76
728,718,616
877,787,723
25,27,0
733,719,551
453,498,225
582,628,425
447,494,213
492,531,249
787,739,593
616,648,444
795,740,661
204,208,34
432,485,210
290,309,71
396,448,179
369,410,134
803,754,636
495,539,257
557,609,367
391,429,153
102,102,5
510,551,287
136,139,11
683,691,516
33,36,1
409,457,185
298,327,86
359,392,115
198,206,35
924,817,826
769,751,635
48,49,1
172,177,21
302,335,72
252,266,45
72,73,2
543,580,293
620,652,422
781,740,597
678,685,490
44,44,0
441,492,195
375,414,140
703,684,480
190,200,23
25,27,1
370,400,129
767,746,639
769,737,611
938,825,828
991,828,918
833,774,722
908,796,721
394,447,153
428,462,188
732,715,601
250,264,52
175,176,22
209,224,36
924,792,706
227,236,36
147,153,12
977,820,805
101,103,5
964,830,902
680,679,462
288,316,64
543,596,330
929,794,733
149,152,13
777,735,592
8,8,0
21,23,0
97,99,4
100,103,5
165,168,17
791,760,682
438,468,193
836,790,825
714,719,577
471,518,236
502,555,284
597,632,389
881,795,875
693,697,546
227,241,97
326,361,145
183,191,23
161,171,17
372,414,137
148,150,16
366,404,165
593,633,438
269,282,61
264,282,57
697,683,478
196,204,25
947,813,826
286,309,74
763,731,623
806,765,681
387,430,150
47,49,0
81,81,4
355,400,118
884,791,742
816,763,696
916,811,760
173,178,17
788,756,620
143,150,13
879,777,726
56,61,1
241,258,47
733,724,597
414,458,215
573,616,423
113,114,14
994,832,859
410,451,160
50,50,1
353,387,121
962,809,788
929,807,752
770,746,610
312,334,85
84,84,3
575,618,388
604,629,403
779,764,706
410,448,163
776,733,640
518,551,275
98,101,5
477,513,248
248,263,52
368,396,128
386,427,163
978,828,861
161,167,17
963,812,796
785,746,622
686,680,469
113,114,6
533,576,314
752,729,585
534,579,312
790,751,663
797,745,674
400,442,169
907,798,744
405,451,170
403,452,171
55,55,1
818,755,639
802,762,671
212,219,58
778,731,591
875,790,928
423,467,205
224,234,44
860,763,625
382,414,129
123,127,8
641,651,427
564,599,336
815,775,676
299,325,72
570,598,316
733,697,498
174,181,18
290,315,66
548,591,311
559,598,317
568,613,342
918,810,775
831,775,692
71,72,2
884,795,709
551,583,326
604,636,442
926,809,811
614,641,424
821,758,686
573,600,330
990,831,875
102,104,5
236,255,47
948,829,826
329,369,102
532,571,306
459,509,210
257,283,59
268,284,56
848,790,706
766,730,602
804,761,668
667,682,493
634,656,446
800,760,712
881,782,804
751,736,665
871,774,675
960,820,843
629,640,392
337,374,100
895,799,770
484,522,238
153,159,16
483,535,263
572,619,374
829,777,701
404,452,165
915,802,747
788,770,701
537,581,323
449,488,212
378,419,143
478,528,235
585,594,355
480,524,234
763,743,728
32,34,0
886,796,759
313,343,83
637,643,410
647,679,471
672,699,522
820,747,667
704,718,583
60,60,1
765,741,597
347,380,125
197,204,25
918,814,776
772,727,600
662,660,445
451,489,215
155,160,16
589,614,358
11,11,0
758,733,626
64,65,1
427,469,229
53,53,2
23,25,0
863,783,727
878,817,795
487,529,242
783,745,643
816,743,613
8,9,0
540,584,351
801,734,630
232,249,42
87,87,4
614,641,403
25,25,0
810,756,618
584,612,372
370,413,138
311,336,79
541,592,319
385,418,151
8,8,0
361,407,114
68,68,1
408,453,159
740,725,580
476,523,256
140,142,13
965,819,849
43,43,0
182,184,24
505,548,270
874,791,753
691,724,579
517,560,298
609,637,463
233,253,46
455,512,248
412,458,173
159,164,14
462,507,222
636,669,509
193,202,25
568,583,305
176,182,21
208,220,29
188,193,23
273,291,60
865,781,746
440,485,244
304,333,98
994,833,906
498,555,269
377,424,144
943,806,766
938,809,850
455,498,223
131,133,10
446,487,214
903,791,736
249,268,57
738,711,593
306,336,87
581,610,346
166,168,18
190,207,27
194,201,25
140,144,14
903,806,787
722,707,536
593,602,338
650,666,455
840,763,687
809,741,588
42,43,1
389,432,141
499,533,249
454,494,202
776,740,576
233,244,38
162,167,18
263,286,52
477,523,226
401,451,162
610,625,371
147,156,16
973,813,798
622,644,449
868,772,738
388,432,159
440,493,212
169,175,17
326,353,98
5,5,0
638,652,451
140,143,11
2,2,0
872,786,729
107,109,6
656,664,420
649,657,423
609,634,384
730,717,510
39,41,1
871,800,733
837,784,712
33,33,0
345,381,101
762,726,558
760,727,568
727,695,532
969,822,846
992,829,910
538,583,335
748,722,562
902,808,727
949,814,776
442,498,207
243,259,43
850,786,698
591,616,343
729,711,595
65,66,2
204,217,30
104,104,6
352,381,116
624,644,393
269,286,58
820,767,640
63,64,1
971,836,905
710,695,490
221,239,38
345,378,109
20,20,0
344,383,103
221,232,34
842,776,676
963,820,804
892,789,791
394,439,172
105,106,9
492,524,247
420,462,169
745,721,544
670,676,458
123,126,8
59,60,1
834,760,649
524,575,293
312,336,86
140,145,10
565,603,326
328,367,93
87,90,3
275,286,60
601,624,367
205,218,30
821,773,691
573,617,352
586,616,358
962,808,749
919,798,748
819,761,610
265,277,64
210,221,37
50,51,1
351,383,112
196,205,26
369,396,121
548,606,340
410,457,166
301,319,75
210,215,34
556,593,332
137,140,9
978,819,802
965,829,865
775,727,579
344,375,107
243,252,52
836,780,684
488,532,247
822,760,663
556,586,354
516,551,267
373,408,145
882,792,718
636,665,429
621,635,402
0,0,0
720,715,543
728,717,572
362,408,127
385,427,157
929,821,817
263,281,53
959,814,800
695,710,567
867,788,729
832,771,703
622,657,430
534,574,314
288,319,66
648,679,485
867,785,734
61,62,1
644,664,453
883,798,780
975,825,853
559,583,308
556,599,337
360,393,117
952,808,768
698,682,464
821,785,738
700,699,516
312,343,84
547,577,318
580,621,373
880,782,700
479,537,256
940,823,805
933,812,919
118,122,10
16,16,0
879,791,775
715,716,561
420,457,181
560,594,323
539,584,308
840,766,687
542,584,320
635,656,417
329,352,88
753,737,632
140,142,15
279,308,73
106,106,6
938,787,737
344,384,116
867,799,756
94,95,4
219,240,32
654,679,452
58,58,2
856,791,774
0,0,0
533,576,297
277,299,57
407,441,144
642,649,416
925,794,738
885,784,688
529,569,290
91,91,4
897,796,727
870,779,680
995,830,850
473,510,228
853,776,701
942,803,766
740,720,556
19,19,0
630,654,421
982,833,818
220,234,42
46,48,1
642,650,432
214,232,35
421,463,177
534,572,293
110,110,7
513,552,265
729,713,530
346,383,106
425,474,188
366,410,118
618,644,391
365,404,124
45,45,0
435,494,202
465,513,230
569,609,347
33,33,1
537,580,279
943,828,858
348,387,116
928,814,848
70,72,2
731,714,565
756,729,612
18,18,0
319,353,97
426,464,202
83,84,3
611,637,398
507,548,259
781,731,559
584,604,333
260,285,57
854,776,737
719,712,554
563,609,373
680,701,527
345,379,102
155,166,14
582,613,371
629,643,443
27,27,0
420,475,188
495,548,273
734,726,579
952,817,786
744,718,562
333,365,110
128,130,13
707,701,546
537,577,311
8,10,0
677,680,528
636,655,438
484,534,252
206,215,31
883,794,1068
574,607,371
119,122,8
290,320,66
7,7,0
904,802,750
716,707,531
90,91,4
993,828,896
532,575,339
963,821,863
742,734,591
553,591,341
593,638,468
928,823,936
681,707,532
955,816,935
834,771,747
764,732,598
992,844,939
167,175,20
589,631,418
741,728,620
588,620,403
863,785,700
79,82,3
655,670,472
853,773,671
826,768,739
851,778,815
368,411,135
819,769,681
500,541,257
735,723,552
798,761,627
780,754,713
76,76,3
452,500,207
284,296,60
500,548,253
318,340,83
228,236,37
302,326,81
20,20,0
174,181,20
624,650,534
217,232,59
408,451,178
163,167,16
565,599,327
73,73,2
621,638,397
152,160,12
375,417,128
31,31,0
153,159,13
751,722,550
897,803,806
568,581,320
30,32,0
306,337,89
616,639,404
422,470,173
326,362,106
261,290,59
615,650,431
474,523,238
863,778,673
293,322,69
78,80,3
318,349,94
679,706,531
35,39,0
835,779,759
183,193,23
225,240,40
296,331,69
989,835,905
813,749,607
549,588,322
436,477,194
151,155,13
218,235,37
585,622,373
664,680,474
278,301,61
536,580,302
430,481,192
134,136,10
825,773,674
242,262,45
816,769,654
897,796,738
619,635,387
161,162,18
420,467,176
337,378,109
767,733,584
563,599,339
669,682,482
148,153,13
592,624,374
568,603,348
195,208,29
83,85,3
958,817,791
712,706,546
469,517,254
123,129,7
700,707,567
1,1,0
644,672,465
752,726,554
461,504,198
519,565,277
566,603,343
418,460,174
339,373,105
275,302,60
256,265,50
302,331,74
230,239,43
51,51,0
492,541,250
616,635,369
364,411,122
870,788,661
328,364,102
821,766,729
129,131,12
568,612,339
862,778,698
521,569,305
203,211,32
469,522,255
644,648,431
616,645,414
789,767,670
586,610,362
294,305,72
451,498,208
880,793,723
123,129,8
532,594,331
212,221,33
654,667,457
123,126,11
364,400,135
596,637,451
967,814,784
877,795,753
898,790,724
304,339,85
698,691,502
544,590,319
559,591,320
651,666,464
238,250,46
92,96,4
297,322,97
89,90,5
144,149,17
91,91,5
978,812,795
586,606,357
800,759,662
182,196,26
644,646,433
347,384,114
424,468,179
194,202,25
701,702,555
44,47,1
546,581,304
332,361,102
262,277,57
999,827,873
477,517,238
563,597,328
572,594,339
175,185,30
281,303,77
698,705,538
411,452,171
74,74,2
43,45,0
493,545,283
616,644,423
221,231,34
657,677,515
512,556,280
947,813,766
903,793,781
256,270,51
218,229,36
168,171,18
486,544,270
500,567,289
941,827,833
39,40,0
327,359,90
835,772,721
813,766,734
256,276,53
280,299,70
569,593,311
32,32,0
652,654,450
798,754,666
304,341,82
660,667,486
688,681,519
100,105,7
640,659,449
566,595,339
481,535,256
5,5,0
379,421,140
23,23,0
850,788,801
406,450,195
733,711,546
996,842,928
405,447,197
216,225,41
0,0,0
356,399,148
867,776,713
577,595,333
26,26,0
884,790,749
366,406,130
42,44,1
103,104,6
434,483,197
797,763,726
593,620,381
594,642,404
858,790,818
359,402,135
477,529,270
224,241,40
435,486,206
395,442,157
942,811,802
408,454,167
877,789,780
213,228,36
12,12,0
286,311,78
823,772,695
202,213,28
870,777,724
789,751,664
578,611,377
626,649,450
436,469,207
949,823,852
662,669,446
31,35,0
634,657,442
147,147,12
193,194,26
631,643,400
9,11,0
253,269,46
19,19,0
84,84,4
1,1,0
816,757,630
809,748,651
163,171,18
724,718,639
694,697,511
442,492,198
68,68,2
771,754,670
919,818,828
707,698,523
36,37,0
898,800,766
728,720,578
691,696,536
637,653,422
296,332,70
842,777,687
203,217,30
598,609,340
621,639,403
650,680,447
836,776,669
15,17,0
431,478,186
607,637,401
960,810,736
980,831,801
331,374,88
646,668,421
245,260,45
161,164,16
29,31,0
487,540,239
545,591,344
531,586,350
795,751,617
32,33,0
380,419,129
939,824,801
427,458,164
183,192,22
201,205,27
423,469,164
169,175,21
322,353,94
537,573,287
500,546,247
33,34,1
453,491,203
444,495,196
548,590,323
864,778,681
746,719,545
741,737,571
567,604,327
108,113,6
612,639,382
397,445,160
404,453,157
882,791,713
716,721,541
862,781,672
925,813,809
762,736,577
635,663,441
446,495,203
879,790,735
271,285,65
940,808,772
946,812,746
336,369,113
809,763,676
333,372,104
250,273,51
165,169,18
398,446,150
45,45,1
15,15,0
843,773,680
950,820,801
395,437,155
916,804,739
265,282,51
499,537,273
719,707,525
525,565,303
120,122,8
287,314,73
888,799,785
229,241,44
612,641,398
511,552,286
664,653,444
401,446,169
524,564,292
305,338,87
785,755,680
462,507,250
500,543,277
677,686,514
438,495,206
112,112,10
545,593,346
909,793,816
906,800,951
447,497,282
97,97,5
676,684,500
992,833,880
140,141,11
424,472,177
389,438,145
442,476,197
934,815,765
922,811,783
721,722,559
318,359,87
232,240,37
46,46,1
507,551,250
214,227,31
149,159,13
905,801,726
184,187,25
523,569,297
705,722,536
721,716,542
466,516,234
620,653,417
602,636,387
825,778,760
38,40,0
612,626,392
73,75,2
112,112,6
709,707,548
727,731,555
639,656,407
174,179,22
627,661,431
38,41,0
534,594,309
726,711,508
212,217,32
368,405,118
592,599,345
948,812,773
950,831,828
654,671,483
823,757,745
332,364,97
839,766,684
200,206,30
937,818,897
828,764,647
93,95,4
548,595,331
721,710,552
564,606,357
646,652,414
643,648,408
728,713,555
742,699,518
545,585,306
602,634,389
139,144,13
306,330,75
744,729,548
783,757,648
60,60,2
365,401,119
156,161,14
848,778,781
242,259,43
542,566,314
270,296,62
967,818,785
436,479,186
420,452,184
361,395,126
591,613,442
663,665,463
953,820,796
299,317,75
946,819,787
698,695,479
479,521,223
308,335,81
993,829,839
439,480,192
119,121,8
791,747,576
995,828,840
502,536,283
531,560,317
174,182,22
498,537,242
651,680,464
172,175,21
83,86,3
785,752,629
210,221,29
443,492,189
604,642,386
688,693,524
319,345,95
135,138,12
98,100,5
336,376,110
878,811,857
618,641,435
83,83,3
227,233,43
861,770,665
722,711,527
2,2,0
217,232,29
291,323,67
954,806,761
864,778,675
55,57,1
183,196,21
521,564,255
660,681,470
507,555,311
422,482,207
215,220,34
124,131,8
323,351,114
656,680,520
229,242,42
110,110,6
429,485,220
477,512,241
567,602,370
528,568,317
423,465,175
915,801,753
211,218,31
646,675,471
614,643,389
474,527,234
549,578,306
954,819,773
707,691,471
728,691,501
368,393,137
569,609,390
764,745,616
420,466,173
813,765,620
195,200,25
17,17,0
976,827,840
417,475,195
364,403,146
50,52,1
573,609,347
765,725,530
904,806,743
505,554,256
408,459,184
795,760,621
346,381,112
960,831,802
719,716,532
788,747,644
36,36,1
620,635,410
378,423,133
548,595,338
178,187,19
729,702,502
565,598,327
154,160,14
146,149,14
319,347,94
960,823,823
622,657,428
302,324,73
27,31,0
519,578,297
438,491,200
941,821,844
342,375,111
553,582,317
965,823,899
258,275,62
35,35,0
803,759,693
590,611,391
428,475,239
142,148,13
19,19,0
574,624,404
23,25,0
311,338,98
327,360,94
270,297,53
433,480,199
975,834,886
880,779,757
12,12,0
391,442,163
786,745,630
193,200,25
804,755,641
372,415,144
208,220,34
262,275,71
382,424,137
887,797,766
577,615,435
443,473,194
890,789,787
736,718,566
32,33,1
551,586,309
976,837,878
485,534,269
505,553,259
844,777,729
54,55,1
331,364,94
955,826,808
86,87,2
313,349,95
691,698,512
931,821,798
689,673,462
734,714,561
597,645,452
273,304,63
230,246,42
629,654,443
612,639,390
456,495,226
924,807,778
382,423,155
278,298,63
581,615,383
389,430,157
411,466,187
368,414,137
587,624,364
933,819,884
192,201,27
56,56,1
84,86,3
535,575,308
508,551,314
949,830,891
342,380,129
520,582,316
463,518,224
114,119,7
817,778,735
600,626,399
163,165,23
600,619,410
45,45,1
233,237,71
696,695,551
500,558,318
873,782,801
732,731,663
742,723,609
636,651,414
845,777,688
691,684,470
67,69,1
913,804,806
182,187,27
759,729,659
779,740,670
0,0,0
766,735,667
382,418,202
266,292,65
914,805,837
138,139,16
154,161,18
904,795,753
733,705,528
460,512,221
479,523,255
947,821,842
682,672,500
360,389,131
462,509,264
540,586,342
690,710,558
608,622,374
930,827,911
806,754,665
358,394,117
483,534,278
171,177,20
929,810,827
723,710,532
152,154,15
801,750,607
520,574,300
995,840,878
581,630,423
123,125,8
762,753,650
569,604,391
134,142,19
987,832,926
454,502,225
994,818,864
885,780,741
57,59,1
106,104,5
993,828,913
309,336,96
50,52,1
815,783,757
394,440,168
111,114,7
3,3,0
835,765,746
377,420,142
870,789,710
491,553,273
246,264,49
415,456,177
221,237,37
101,105,5
659,680,519
392,435,177
388,435,169
344,385,118
173,184,25
361,409,130
972,846,902
582,622,406
8,8,0
732,701,552
683,688,540
207,213,37
771,740,600
277,293,61
787,748,598
748,720,559
304,322,85
238,254,44
843,766,648
71,73,2
527,575,286
512,542,237
923,804,732
920,804,746
956,823,802
54,54,1
973,812,787
919,802,806
185,190,23
402,438,174
481,525,246
159,161,16
560,605,363
570,607,369
121,123,7
753,728,588
276,301,64
693,688,479
8,10,0
942,830,854
406,444,164
273,290,60
272,287,69
572,604,386
771,757,631
821,762,628
545,588,315
791,763,627
67,70,2
328,368,91
262,282,59
127,128,9
348,385,113
455,505,213
440,491,212
411,464,183
215,222,39
236,247,47
422,462,179
249,269,57
648,662,461
994,826,959
850,781,762
323,356,89
801,758,657
155,163,14
370,413,138
364,404,152
569,598,350
751,718,569
437,472,208
640,673,493
890,780,757
373,412,132
476,522,231
154,163,12
962,819,979
195,202,30
965,822,849
564,615,372
884,801,727
579,624,374
960,824,822
980,820,801
901,796,907
410,463,184
179,183,26
962,804,769
169,181,18
625,647,399
831,769,685
576,623,355
549,576,303
639,656,412
989,835,864
319,350,91
771,731,573
504,547,282
240,260,43
229,239,43
943,815,1015
606,645,434
895,789,764
532,581,309
703,707,579
592,630,387
762,720,544
902,799,749
885,797,742
834,776,676
407,461,175
554,591,349
88,86,4
180,189,24
784,749,638
218,228,38
683,698,520
323,359,101
996,833,905
355,391,121
648,677,464
147,153,13
647,675,468
703,694,533
925,817,824
558,602,377
765,736,624
941,818,864
407,459,185
330,362,105
546,580,316
646,671,469
689,692,535
677,691,515
986,850,932
708,683,491
431,474,233
629,650,458
525,566,296
926,809,783
120,124,10
558,594,348
21,21,0
459,504,214
391,428,146
787,741,628
90,90,4
93,94,3
200,208,26
140,140,11
227,242,42
870,790,702
358,396,124
737,712,528
78,79,2
570,593,315
569,605,345
247,257,45
788,752,610
377,413,133
788,747,608
132,131,11
373,417,138
98,100,5
343,379,119
351,388,147
594,625,463
809,748,736
252,267,120
355,408,155
702,697,656
100,102,5
578,621,438
116,119,8
530,577,372
351,397,149
52,52,2
99,102,5
674,682,530
749,719,601
113,118,6
144,149,13
88,90,3
586,614,367
476,516,232
445,485,190
431,478,195
317,353,86
467,511,202
504,540,267
231,234,42
950,814,774
499,554,263
138,143,11
611,632,388
637,658,418
882,796,731
708,709,503
591,617,348
824,759,628
662,678,476
538,583,305
971,815,761
427,469,166
833,771,681
989,826,795
103,106,5
998,819,797
736,713,499
844,773,678
751,731,557
542,583,316
492,546,247
438,491,193
209,218,30
296,322,98
289,317,93
204,210,29
843,766,692
801,746,615
953,835,864
513,566,286
447,489,197
616,626,382
982,827,825
825,755,620
569,610,357
838,777,676
524,572,316
935,801,747
730,710,521
939,831,841
577,619,387
736,730,618
277,301,60
482,534,250
654,667,455
957,814,788
726,719,570
201,205,30
746,721,568
152,156,14
615,634,424
790,728,570
128,130,9
652,672,592
784,751,935
950,824,823
132,134,10
168,178,17
825,761,645
251,269,55
779,736,600
343,376,111
770,742,638
592,628,385
829,788,738
545,585,319
335,356,99
763,739,640
93,93,4
710,707,579
778,736,609
536,591,347
770,732,595
253,269,46
139,142,11
41,41,1
697,677,463
210,223,30
796,745,609
742,721,590
562,599,375
79,79,3
619,636,429
915,815,852
890,799,748
851,780,759
775,737,608
170,176,20
282,306,75
655,672,521
852,783,702
439,482,194
819,753,687
65,65,1
967,833,923
29,31,1
272,295,70
963,817,869
983,823,785
898,808,820
272,290,71
650,656,437
911,815,777
15,15,0
553,593,320
555,601,335
491,541,254
194,202,29
59,61,2
859,789,677
328,361,101
615,648,403
658,679,457
554,588,325
540,591,354
74,76,3
905,812,809
318,341,90
134,136,9
337,371,111
140,143,12
55,55,2
865,765,665
816,770,674
691,702,569
757,717,592
398,443,150
911,779,680
264,285,50
6,6,0
417,471,170
26,28,1
686,690,478
189,199,24
627,639,389
66,67,1
853,775,678
302,334,84
428,473,204
378,427,153
93,94,5
552,585,330
766,736,578
326,358,107
723,706,584
516,558,321
984,834,907
701,709,507
969,834,842
48,50,1
125,125,8
18,18,0
886,798,724
21,23,0
685,688,465
433,474,180
717,708,504
829,793,713
999,832,807
690,693,478
715,702,506
815,748,592
393,445,143
731,707,527
815,771,654
103,103,5
981,832,782
107,110,5
258,276,48
426,481,170
521,548,260
644,651,390
424,470,173
848,787,722
289,314,69
853,782,696
805,764,658
729,711,544
663,655,416
126,129,9
16,17,0
246,270,48
914,815,746
884,802,718
746,740,575
535,587,277
385,426,136
729,717,507
808,776,658
28,29,0
896,783,682
154,155,15
813,768,644
886,806,708
962,847,814
942,822,771
642,662,424
870,755,593
92,95,4
936,819,757
119,121,8
894,794,687
578,619,338
749,728,547
538,561,270
610,628,365
620,648,384
618,635,365
929,798,700
231,247,40
743,721,528
758,733,564
393,444,160
673,682,464
784,758,635
727,724,545
780,749,594
312,336,76
760,733,551
235,245,44
976,829,792
150,157,13
943,821,791
822,773,644
647,678,442
793,758,601
903,799,700
569,607,328
64,65,2
417,458,170
286,312,71
511,576,288
389,432,131
761,738,548
967,828,780
979,819,766
636,652,399
345,386,97
147,149,15
185,192,26
509,548,245
504,543,238
620,642,380
618,649,390
597,631,376
466,510,221
126,128,8
916,801,702
636,659,413
917,800,708
852,773,646
106,107,5
975,813,757
962,822,786
485,527,218
390,437,145
412,458,162
221,236,35
734,717,532
555,597,325
135,139,9
270,290,57
482,531,236
795,753,596
850,767,628
250,270,45
83,84,3
654,664,421
470,505,197
286,309,60
889,790,670
980,834,788
670,687,480
313,343,98
246,258,52
112,115,6
965,816,803
681,693,459
845,763,626
810,763,618
247,264,48
760,720,527
714,715,512
766,745,583
203,212,32
144,146,11
850,775,660
452,500,191
322,349,80
294,317,75
273,291,60
25,27,0
391,432,147
994,818,790
763,731,578
943,821,818
236,255,48
572,616,342
163,167,17
667,678,445
681,687,460
858,769,636
895,797,709
681,693,467
408,462,165
72,75,3
73,73,2
641,655,426
999,842,829
729,728,547
855,793,692
65,65,2
805,756,598
338,372,110
140,143,11
413,460,165
439,486,186
578,602,320
775,745,576
838,763,644
520,566,263
347,370,104
22,24,0
863,782,682
15,15,0
606,644,376
369,409,127
247,261,43
559,590,314
220,235,34
102,102,5
592,637,368
746,725,545
574,597,312
607,630,358
557,602,322
166,170,19
613,643,389
167,172,22
119,121,8
609,634,375
53,56,1
692,694,487
970,822,779
426,473,184
622,642,429
944,817,776
740,721,573
447,501,212
365,401,127
49,51,1
924,814,777
740,723,532
792,745,561
344,367,102
753,737,557
634,679,451
826,760,602
854,788,656
690,692,460
282,301,59
567,615,335
979,817,750
773,736,538
917,814,754
202,214,27
580,624,349
178,184,22
616,641,381
559,599,311
668,687,454
739,725,538
131,132,8
402,448,143
176,184,20
100,104,4
376,405,117
681,682,449
902,788,698
973,839,813
812,744,569
263,281,49
161,167,16
518,552,247
542,586,298
158,162,12
498,555,265
934,832,820
34,36,1
907,814,767
387,426,139
425,482,174
134,138,9
317,350,92
474,524,230
440,487,196
465,519,216
833,784,664
446,491,182
138,140,10
470,508,209
590,619,344
671,684,459
771,733,570
661,669,458
514,554,260
207,217,26
865,791,691
263,283,54
215,226,36
800,754,614
757,726,537
901,792,681
601,642,404
583,618,362
632,641,386
451,507,204
264,287,51
943,811,761
620,635,398
495,548,260
336,368,101
559,596,345
263,281,57
490,538,270
43,45,0
105,108,6
279,299,79
172,175,20
647,666,469
424,472,195
964,808,780
948,804,745
86,90,3
679,694,466
981,821,773
674,673,426
238,248,42
310,331,78
723,718,549
233,246,45
74,73,3
714,703,537
11,11,0
735,733,589
40,42,0
134,135,10
348,384,111
200,216,29
202,213,27
519,561,291
814,759,653
157,159,14
946,826,854
731,715,546
174,179,21
69,70,1
929,821,831
873,789,740
448,491,203
937,818,808
979,822,796
176,181,21
711,699,514
290,322,69
440,483,194
432,481,196
282,306,62
532,568,301
227,246,40
283,305,70
909,794,717
499,550,259
97,99,4
10,10,0
68,70,2
201,213,30
436,478,193
995,836,867
449,493,223
261,281,59
101,102,7
983,835,888
371,407,122
641,656,420
307,332,80
67,69,2
523,575,309
830,785,681
820,764,709
971,825,827
646,660,433
140,147,10
98,101,4
304,330,81
773,746,609
848,784,743
870,784,723
423,474,200
706,699,565
544,600,331
194,212,22
900,792,724
901,794,705
506,543,258
400,439,151
485,551,257
65,65,2
843,769,646
78,78,2
84,86,3
670,679,461
551,597,327
1,1,0
752,721,544
475,533,239
852,795,741
815,767,696
962,832,828
665,673,448
109,112,6
32,35,0
864,772,641
734,729,563
629,663,435
929,810,849
998,843,836
8,12,0
857,774,669
915,803,803
935,804,757
994,839,849
45,46,1
976,821,801
903,803,764
56,56,1
452,499,209
526,564,279
306,319,83
307,335,83
742,731,565
850,790,727
229,246,48
556,596,336
893,807,791
868,793,738
643,675,469
591,625,379
845,766,641
769,732,567
40,42,1
213,220,31
307,332,82
131,130,8
656,661,422
212,219,35
826,773,670
968,818,768
537,586,312
246,255,46
380,422,140
443,486,193
69,71,1
52,56,1
989,820,853
435,484,191
784,751,607
333,365,101
46,46,0
209,218,34
796,757,632
479,530,234
319,353,92
623,634,398
824,750,637
781,736,603
369,408,127
619,630,385
82,84,3
848,770,688
50,52,1
359,397,111
488,533,243
122,125,8
531,571,290
515,567,310
584,608,345
786,759,686
535,584,319
481,526,234
918,814,782
82,81,3
555,584,301
156,166,14
321,354,89
41,43,0
517,572,302
559,589,316
139,142,15
157,164,16
229,236,37
820,770,684
606,623,377
573,598,338
418,453,170
698,692,502
424,462,185
720,710,542
934,801,769
142,149,10
742,728,546
469,506,221
140,147,13
743,731,581
645,679,479
906,815,793
477,516,237
590,613,383
435,478,204
191,199,29
884,803,781
736,715,559
690,675,479
790,746,616
418,465,176
549,576,310
877,796,758
160,164,15
252,261,53
42,42,0
790,741,589
274,295,58
760,739,578
181,184,25
818,780,711
911,786,752
951,815,879
160,164,17
488,534,246
257,276,55
826,760,658
78,81,2
81,82,4
543,584,327
949,818,802
343,383,103
711,687,478
752,749,606
843,770,665
48,48,0
905,790,753
439,487,209
146,148,15
413,459,178
847,785,710
997,829,854
645,655,426
563,618,371
784,767,678
36,38,0
402,438,158
297,316,81
657,683,505
860,778,691
768,742,634
207,221,32
826,779,689
564,601,355
298,325,77
242,256,46
649,676,447
207,215,34
843,772,686
289,318,70
411,456,160
854,786,696
305,338,70
996,841,906
490,528,266
316,345,84
276,301,61
617,649,413
568,601,329
811,753,614
785,745,582
128,131,8
47,47,1
738,727,529
759,741,567
741,723,535
422,466,180
249,264,50
76,76,2
9,10,1
988,826,796
717,706,486
347,385,105
604,636,374
105,107,5
311,347,90
48,50,1
335,374,97
636,662,413
899,796,810
606,633,412
748,731,622
199,205,36
448,490,219
235,253,44
670,690,474
484,540,248
48,48,0
329,366,92
350,385,113
712,708,515
742,741,598
111,112,7
781,747,581
820,767,641
699,708,511
179,187,22
976,837,803
846,766,657
172,177,17
777,754,612
49,50,1
756,716,544
794,750,625
447,497,198
285,306,68
303,341,77
108,114,5
723,719,531
493,535,236
121,127,8
144,146,12
987,829,837
584,620,394
898,794,759
171,175,17
141,144,13
919,784,721
390,445,161
771,744,629
955,817,798
450,497,211
762,721,546
890,786,690
998,846,974
495,524,233
531,578,294
335,370,101
60,61,2
165,174,15
691,696,507
396,450,162
817,777,723
39,39,0
89,87,3
416,448,196
611,644,439
119,122,7
335,368,106
711,718,586
382,431,163
504,548,268
677,681,475
571,611,350
995,823,844
671,679,513
517,551,276
149,154,15
304,334,93
583,617,364
412,454,168
192,196,23
522,573,298
219,229,37
106,106,6
217,231,33
184,188,24
990,843,870
275,301,57
92,93,4
228,236,38
929,811,762
22,22,1
141,148,12
36,38,0
75,75,3
306,337,80
293,320,74
395,438,150
166,176,19
569,594,335
59,59,1
439,486,199
835,766,676
729,706,540
815,749,667
481,538,249
895,781,733
281,302,66
574,614,372
831,757,643
647,669,477
535,581,305
476,517,240
260,279,57
948,824,804
230,239,38
729,710,531
776,740,607
851,782,720
250,266,52
530,574,304
554,601,326
119,121,10
333,375,110
796,757,635
228,236,34
85,85,3
540,576,290
734,732,573
212,215,30
139,140,10
426,474,182
540,562,314
256,287,57
392,433,164
842,779,701
542,583,330
370,416,149
445,494,241
643,653,469
391,428,138
832,767,687
758,741,603
870,802,791
447,493,215
616,631,384
648,663,447
472,519,240
672,683,494
707,701,514
129,132,8
866,779,728
478,527,236
532,569,286
514,557,343
570,613,455
771,736,1113
910,810,832
620,667,499
537,580,305
473,514,234
873,770,725
396,442,170
749,727,635
803,767,697
911,818,840
809,765,665
161,163,15
880,800,778
739,712,555
957,824,801
216,228,33
910,799,791
703,705,566
195,199,27
492,546,243
907,799,720
139,144,11
800,755,661
894,803,780
787,742,664
170,173,19
551,591,331
138,143,11
810,760,613
776,746,609
487,534,262
407,443,167
853,765,676
73,73,2
415,453,179
961,825,852
931,807,818
902,809,803
839,787,719
348,380,122
868,771,728
759,726,623
956,809,804
778,737,604
365,410,123
932,811,845
631,649,415
726,695,502
299,323,75
219,229,34
774,738,588
718,709,540
856,768,708
182,190,26
653,680,447
491,538,267
346,383,109
712,705,517
880,790,731
878,790,724
437,489,203
334,366,106
143,146,12
884,782,739
423,467,191
802,745,659
94,99,5
141,142,12
640,658,419
204,219,32
710,687,476
442,493,217
723,700,501
325,363,89
752,739,597
41,41,1
715,698,494
305,327,81
258,284,51
369,413,123
860,796,716
327,360,91
943,817,778
652,676,455
469,517,231
84,89,3
18,19,0
561,598,342
604,632,382
513,564,289
758,741,604
27,28,1
153,159,14
138,140,10
261,277,54
498,543,255
598,621,389
542,574,315
597,617,373
637,653,447
554,589,349
887,789,744
784,759,656
949,813,763
712,709,568
13,13,0
593,621,431
953,821,902
351,392,122
960,827,876
154,157,13
631,658,438
45,46,1
968,806,803
257,274,62
372,410,155
448,495,221
552,590,319
835,778,702
664,680,464
582,619,402
834,773,678
883,808,824
582,608,370
696,695,520
322,356,101
234,254,44
541,595,315
978,825,815
28,29,0
711,702,525
852,776,708
168,175,16
385,416,144
239,256,44
49,50,1
473,523,241
109,112,7
800,750,640
272,294,59
108,111,5
157,163,16
9,9,0
422,460,175
135,136,11
423,470,184
757,724,571
586,625,370
614,636,405
963,834,883
843,778,689
462,506,235
567,583,321
381,409,159
491,547,300
510,567,403
744,720,567
519,546,279
132,134,10
267,281,96
672,672,478
476,528,244
156,157,15
894,793,724
736,702,540
717,704,557
423,470,191
527,555,283
934,802,731
59,60,1
130,132,12
464,520,244
606,642,404
400,452,178
121,122,7
728,716,553
350,378,114
69,69,2
711,693,509
396,443,195
701,694,536
728,730,622
724,715,544
313,348,87
338,370,113
402,445,167
757,730,655
507,546,265
357,395,115
947,822,815
303,324,85
808,762,673
817,765,681
955,821,822
171,177,25
975,824,827
95,98,4
112,113,6
343,366,104
309,341,85
202,209,31
845,786,718
678,680,483
687,693,488
642,665,448
141,145,13
330,362,100
861,781,749
560,595,335
851,775,676
729,733,610
235,253,45
677,693,503
783,751,728
849,770,705
927,798,768
230,241,41
459,510,228
989,857,942
547,588,308
141,147,15
828,764,981
415,454,191
831,778,702
863,770,866
820,766,670
8,10,0
920,812,1127
604,637,473
512,555,301
150,154,12
961,822,836
992,821,830
587,627,382
756,726,576
113,114,7
554,589,316
475,521,243
143,144,14
341,373,110
926,827,843
801,751,693
265,287,66
253,268,53
862,781,716
936,820,821
303,328,79
479,548,265
540,590,397
563,603,383
368,419,127
97,97,5
386,442,161
452,499,221
785,766,679
954,809,808
202,216,28
368,405,122
768,749,645
44,45,1
734,720,581
457,494,211
438,485,192
970,815,790
262,278,57
834,787,734
614,655,429
903,801,783
229,243,42
33,33,0
752,722,562
814,751,609
173,181,18
134,135,9
893,788,690
984,840,836
647,666,453
708,709,559
416,458,180
812,741,617
696,717,558
611,652,435
6,6,0
153,157,14
793,752,692
619,633,391
837,765,659
786,763,664
38,38,0
443,488,204
586,618,381
590,614,333
513,560,266
260,281,56
812,755,651
37,39,0
258,281,56
190,201,28
472,515,235
343,379,112
600,618,376
460,519,237
400,445,165
134,137,9
781,741,608
763,726,566
307,331,86
893,814,779
324,362,102
329,349,99
825,773,700
36,36,0
352,388,123
371,418,129
830,772,672
436,480,188
334,372,106
292,315,75
517,576,295
855,781,720
816,766,667
774,740,623
9,11,0
726,712,542
662,660,453
785,740,667
736,710,583
472,531,247
634,661,471
872,781,747
386,424,162
36,37,0
83,90,4
71,74,2
895,809,825
288,311,68
710,705,539
570,611,368
128,130,10
463,515,225
743,729,646
560,600,356
549,593,335
902,806,760
470,522,246
665,660,482
251,268,57
524,563,314
558,588,320
845,769,685
933,819,804
418,475,200
81,83,2
175,181,18
814,772,690
390,433,158
971,822,829
747,744,610
248,264,47
21,25,0
986,844,933
378,426,153
237,246,46
96,102,5
456,498,221
566,595,332
543,577,308
153,158,14
888,802,779
840,768,670
892,802,740
441,479,190
712,704,511
174,185,18
719,703,511
304,333,82
388,424,134
943,821,832
571,603,353
164,169,22
51,51,1
481,520,254
65,66,1
388,423,160
299,327,81
361,397,125
413,459,180
465,508,233
105,107,5
210,221,31
5,7,0
788,753,650
529,565,313
238,250,44
183,189,24
276,298,59
812,756,642
180,187,21
730,708,503
926,799,723
624,647,419
456,508,231
424,469,168
226,239,37
970,829,812
587,615,370
37,37,0
684,701,517
514,549,272
860,790,727
528,565,293
237,253,41
990,828,845
160,166,14
216,237,33
624,638,405
732,730,601
110,112,5
603,629,395
787,742,611
285,307,69
22,26,0
922,818,798
971,843,868
120,122,8
291,319,68
137,142,9
345,381,107
397,430,150
630,662,431
344,377,103
704,694,488
608,635,392
173,183,20
590,627,382
500,549,289
273,291,71
455,497,224
563,609,368
871,793,737
763,750,620
167,174,17
960,819,779
130,131,8
141,145,13
115,117,7
67,67,2
3,3,0
724,716,563
438,490,200
60,60,1
538,596,341
69,69,2
590,622,376
949,807,759
831,782,673
20,20,0
134,135,10
147,157,12
185,189,26
933,811,785
4,4,0
977,826,883
145,147,15
37,38,0
187,194,24
957,816,865
418,470,193
327,359,108
40,40,1
357,395,126
357,398,120
251,267,55
425,469,175
777,755,654
627,651,455
457,499,206
807,763,697
94,95,4
615,614,352
911,801,749
93,97,4
656,667,466
841,770,738
117,122,9
273,290,63
855,780,729
71,71,2
0,0,0
265,290,61
929,817,776
584,617,345
803,771,679
219,231,38
726,721,569
453,504,225
406,449,167
490,543,264
115,119,6
172,178,19
222,237,36
499,553,271
741,733,594
186,197,24
500,527,243
43,43,0
834,768,663
85,85,3
487,534,245
60,62,1
623,646,426
910,811,810
768,743,646
204,212,31
143,149,13
858,790,734
222,242,39
116,116,8
698,701,520
190,201,22
38,38,1
459,512,219
983,835,857
45,47,1
714,710,550
102,105,4
528,577,293
819,761,639
859,779,694
587,618,376
976,846,871
814,762,640
623,659,425
642,659,471
516,554,284
985,836,910
223,232,47
625,643,425
676,674,451
244,260,47
969,823,821
638,656,440
701,692,533
117,121,8
336,357,121
568,603,341
363,400,116
27,28,0
256,273,56
408,440,150
512,553,263
48,48,1
589,626,383
658,676,476
385,429,153
617,634,388
908,810,785
563,601,331
687,700,506
881,781,832
668,691,628
303,327,90
281,300,74
736,716,686
685,702,532
592,634,398
545,579,317
862,794,766
195,206,28
989,836,890
172,173,21
600,623,381
12,12,0
611,625,370
425,471,183
118,119,8
80,80,3
89,93,4
884,806,732
901,797,730
309,338,79
342,377,103
652,667,431
197,206,32
29,29,0
939,814,794
259,275,49
810,755,643
8,8,0
118,119,8
184,194,24
361,405,128
907,814,778
539,573,312
555,587,326
298,321,80
855,772,739
543,583,329
260,287,55
189,199,26
198,212,26
136,137,10
628,646,415
413,457,195
399,442,183
789,749,647
485,522,244
292,314,65
615,644,445
878,789,746
349,377,110
482,520,223
868,792,746
200,205,30
149,153,12
807,750,630
869,789,778
424,460,215
168,172,19
296,319,76
426,479,188
600,625,372
265,285,63
345,381,111
977,825,830
400,449,175
176,182,20
443,478,203
43,45,1
57,57,1
335,363,105
223,233,37
544,591,330
622,644,408
322,358,93
482,522,246
770,745,610
165,173,18
467,507,238
848,787,1008
685,682,896
817,767,866
223,235,49
568,616,364
133,134,10
606,630,390
563,589,333
799,762,663
165,168,18
242,256,59
348,395,124
897,804,805
349,387,127
557,589,324
763,733,651
131,131,11
993,838,935
823,771,748
488,524,254
697,680,519
394,438,169
26,28,0
144,149,13
518,563,309
286,311,75
527,554,294
357,398,133
992,832,862
333,367,102
983,824,896
954,823,846
845,773,657
283,304,64
785,755,611
317,356,88
843,771,664
185,197,21
60,61,1
414,452,170
75,77,2
366,401,128
585,618,347
24,24,0
616,637,358
935,829,825
908,822,777
474,527,221
94,95,4
724,715,526
796,764,645
902,799,733
819,763,657
475,519,236
417,461,168
745,730,583
826,762,626
812,764,709
757,725,577
457,503,204
885,800,714
970,819,869
155,159,17
790,749,617
146,151,12
888,792,720
685,694,542
312,342,97
674,664,446
291,310,62
997,825,816
850,760,621
948,811,767
463,509,217
216,225,38
828,765,639
142,143,13
369,411,139
227,247,48
981,831,876
939,821,809
162,172,15
135,137,9
603,649,395
144,145,13
215,223,32
243,260,49
595,624,373
89,89,3
421,469,185
655,677,479
326,368,98
365,403,134
80,84,2
962,824,815
20,24,0
577,618,376
55,57,2
321,353,92
502,549,285
784,727,622
440,489,203
972,825,904
916,820,806
17,19,0
997,838,861
311,342,78
678,689,478
921,814,768
753,728,526
584,613,338
936,791,670
762,744,583
331,374,101
148,154,14
177,183,26
518,559,284
578,621,375
145,150,14
411,445,157
201,208,32
614,644,405
279,299,68
867,777,679
430,467,167
75,77,2
17,19,0
245,258,42
975,830,793
177,185,26
334,370,100
875,772,648
20,20,0
90,92,4
874,783,684
775,752,597
157,159,19
222,232,36
145,148,11
834,768,622
281,308,70
157,164,16
569,608,328
857,806,727
832,771,691
422,461,178
859,784,680
824,757,601
400,442,141
235,253,43
0,0,0
773,727,542
522,577,292
132,133,9
786,743,567
271,291,69
157,161,16
384,428,137
724,716,529
164,171,18
997,810,769
877,788,685
29,29,0
677,675,442
393,438,145
852,796,716
441,497,200
714,712,527
728,724,531
82,87,2
154,154,13
144,155,11
149,154,15
594,613,330
80,80,3
913,814,751
879,770,623
867,799,706
686,690,451
871,796,686
342,377,110
616,650,415
707,709,489
505,559,267
497,537,252
326,359,93
616,637,395
726,722,542
951,826,790
746,724,512
476,528,225
205,219,29
731,710,502
183,194,24
561,580,286
919,818,762
936,809,740
465,505,217
426,470,168
630,640,384
204,214,26
739,720,529
688,702,495
437,498,206
62,65,1
226,239,36
176,187,22
946,834,846
797,744,600
478,516,221
265,286,56
632,645,390
31,35,0
52,53,1
780,737,547
346,371,109
242,259,47
976,823,759
69,69,1
522,565,269
707,693,491
174,178,19
995,826,803
526,555,249
528,572,267
589,621,349
595,627,361
544,583,308
97,103,4
230,247,43
543,584,296
946,812,727
821,765,629
732,709,511
589,615,346
547,585,307
554,603,341
310,345,83
862,782,674
679,680,465
97,101,5
952,818,782
860,776,700
368,415,134
173,182,20
649,657,439
75,78,3
534,577,317
752,741,636
56,58,1
697,686,504
378,428,132
741,734,556
939,825,803
29,31,0
833,761,619
252,267,46
827,770,646
75,78,2
326,358,93
369,407,122
23,25,0
221,235,36
185,191,25
431,481,202
361,405,128
784,735,570
172,180,21
166,173,20
247,272,53
491,533,234
443,492,190
546,592,315
25,29,0
25,27,0
307,332,75
455,505,208
496,552,266
397,429,142
533,584,304
477,524,241
882,784,684
993,828,834
764,736,583
319,349,83
924,806,744
543,583,300
736,718,541
296,322,71
538,580,296
485,541,240
986,845,856
760,737,577
508,556,256
528,568,288
34,34,1
773,740,557
73,74,2
572,606,344
577,611,363
220,231,36
44,45,1
914,794,734
193,201,26
790,743,592
693,691,479
282,299,73
203,214,28
692,696,496
484,526,242
81,83,2
682,696,513
68,70,1
625,660,428
178,189,20
322,359,93
125,125,8
772,740,577
909,806,749
528,571,291
129,133,9
173,178,18
742,731,579
671,683,470
473,518,225
356,401,118
351,392,116
993,829,856
550,586,301
792,749,582
458,499,199
786,751,606
79,79,3
131,133,9
891,786,695
47,47,1
575,605,338
316,350,102
521,568,294
846,787,681
969,822,771
959,812,756
957,822,783
983,823,824
77,79,2
168,172,19
67,68,2
747,721,536
73,77,1
261,279,51
575,609,339
531,562,289
788,743,584
731,720,539
57,59,2
540,580,293
345,375,105
229,240,41
375,416,137
623,648,412
901,795,693
996,825,785
169,178,18
26,26,0
616,650,416
760,734,558
986,849,872
945,821,766
755,735,560
31,33,0
833,773,653
407,449,155
484,523,245
329,369,102
823,770,629
635,654,398
747,722,542
981,835,811
378,419,127
673,678,455
297,336,75
916,830,807
716,721,559
581,605,339
507,554,271
387,432,136
960,831,816
283,302,60
930,823,781
314,334,84
730,721,535
294,318,73
659,675,452
624,652,403
535,574,286
556,601,328
349,387,116
198,207,25
892,789,745
468,508,199
504,554,271
534,582,287
249,267,43
796,753,597
908,786,689
119,121,8
862,792,695
800,750,612
704,702,485
415,464,171
216,222,33
17,19,0
631,653,415
360,394,114
209,224,33
366,412,124
284,308,59
593,634,405
994,840,915
275,303,63
277,306,65
612,650,398
615,641,404
401,443,155
622,649,402
351,375,108
440,500,194
438,481,178
204,211,30
903,801,732
941,816,762
41,41,0
92,93,4
352,390,125
300,325,76
634,665,422
82,84,2
36,36,1
193,193,25
801,745,565
429,470,178
383,427,145
24,24,0
649,657,404
932,811,786
529,572,282
433,486,193
132,134,10
487,540,256
586,623,355
814,771,646
843,779,666
909,797,732
162,164,17
701,686,459
399,448,155
823,774,650
227,242,38
361,397,108
516,562,277
795,747,577
480,530,226
93,95,4
804,755,611
961,803,719
333,373,92
785,748,579
297,325,83
231,245,41
186,189,24
403,451,151
51,53,1
461,511,218
930,797,695
312,345,84
138,141,10
839,763,622
159,166,14
829,769,643
906,794,690
381,412,127
408,453,165
97,99,5
100,105,4
614,644,401
758,740,583
788,745,586
291,315,75
122,122,8
179,186,20
2,2,0
155,160,14
255,267,51
308,333,79
969,830,792
105,106,5
545,589,297
941,828,810
870,774,633
654,683,474
340,366,105
826,750,622
843,771,649
373,415,138
474,517,219
534,582,303
793,762,632
285,315,76
249,270,52
265,286,61
89,91,4
834,782,697
672,683,462
429,479,176
215,226,29
545,574,293
946,809,745
16,16,0
2,2,0
151,154,13
555,584,295
73,73,2
699,710,505
258,279,54
757,737,567
39,40,1
3,3,0
721,714,520
291,310,69
150,152,15
932,820,775
257,277,51
767,740,558
323,351,93
384,433,138
162,171,19
90,92,4
99,101,4
388,422,127
495,546,247
721,733,557
372,402,121
642,659,418
454,499,194
149,154,12
599,637,398
47,48,1
200,209,27
676,680,449
88,88,3
472,529,219
825,764,633
121,126,8
40,40,0
163,166,15
972,816,729
26,30,0
985,823,785
730,718,516
198,207,24
492,533,233
674,685,465
421,466,173
904,813,801
600,631,359
980,819,746
865,774,663
558,594,320
240,255,42
686,704,486
824,758,631
303,316,72
458,503,204
923,813,766
156,161,13
88,88,4
370,414,122
942,807,727
65,67,1
56,57,2
262,280,51
26,26,0
836,782,687
947,826,765
259,275,60
734,700,491
677,682,463
359,404,127
426,475,171
400,453,163
832,788,740
882,778,648
183,187,24
434,465,191
208,218,33
191,196,26
179,185,19
330,361,92
449,495,191
7,7,0
471,520,212
371,413,125
961,828,783
46,47,1
440,491,198
610,633,381
655,654,403
462,515,231
267,282,54
299,313,78
21,21,0
100,102,5
393,433,143
153,157,16
966,825,785
449,500,211
776,747,589
936,801,723
543,595,326
292,314,75
581,622,356
596,625,369
100,100,5
695,692,472
566,603,335
881,790,692
679,686,467
379,421,141
31,31,1
606,644,426
936,805,753
449,500,205
251,276,49
717,706,515
543,596,323
434,476,187
426,469,184
494,541,241
511,549,253
24,24,0
416,453,156
886,794,692
865,777,692
849,768,652
793,756,618
487,534,240
783,739,568
911,796,778
302,324,78
791,758,602
984,828,788
280,311,62
484,529,226
997,833,796
686,681,456
725,697,481
731,713,499
137,144,10
317,334,82
799,751,610
653,670,437
684,683,451
32,34,0
204,216,27
223,234,34
868,786,683
51,51,1
560,594,307
193,204,24
484,538,265
452,503,232
673,680,481
102,102,4
581,601,322
363,403,128
572,600,312
775,742,582
103,105,5
398,442,148
677,675,443
483,524,216
945,827,783
156,166,19
488,537,264
729,708,533
330,372,99
620,650,396
515,563,281
705,725,521
189,197,24
923,803,730
458,511,207
80,80,2
801,748,598
504,548,256
5,5,0
625,645,386
947,817,737
364,407,122
267,285,53
269,281,56
221,233,34
482,522,238
438,489,204
274,297,68
231,246,40
761,745,616
688,679,468
136,139,9
661,680,466
327,363,96
77,78,2
309,334,84
381,423,127
459,511,201
660,681,444
134,139,9
437,487,175
190,194,24
544,592,323
888,787,684
404,457,161
391,430,137
106,110,6
343,374,102
105,106,5
704,701,496
22,24,0
898,809,723
738,741,607
113,113,7
641,656,423
839,773,649
777,752,621
557,607,346
925,814,779
312,341,77
994,834,817
863,792,705
376,411,119
177,181,19
573,616,355
836,774,657
952,818,760
882,791,672
916,776,655
468,517,220
574,619,364
69,69,1
755,734,559
644,672,442
130,131,9
990,831,811
105,108,5
603,626,353
390,431,144
135,139,10
978,843,838
977,819,781
502,558,266
67,68,1
557,611,329
156,165,16
4,4,0
941,818,772
237,259,52
855,774,645
812,768,650
591,626,377
702,711,533
454,501,199
679,680,452
213,225,31
328,353,102
402,447,156
808,768,635
146,153,11
983,828,775
258,273,49
66,68,2
544,583,306
970,831,798
135,138,10
714,714,532
224,235,34
195,198,23
741,720,544
334,377,95
640,656,423
726,717,523
600,624,358
969,826,789
526,560,271
969,822,813
850,780,724
450,498,204
21,23,0
344,381,114
324,358,98
959,820,773
533,585,298
304,330,79
920,814,758
80,81,3
552,588,316
888,793,710
891,796,719
255,270,49
664,668,446
579,610,343
227,242,41
351,381,104
505,548,246
505,548,240
586,615,350
749,724,604
393,446,170
411,461,182
3,3,0
782,743,585
750,710,512
728,709,526
351,377,110
578,619,365
579,615,333
273,295,58
550,610,340
915,800,720
468,512,218
691,699,498
964,811,763
637,650,430
181,190,25
204,212,26
390,425,138
428,480,172
973,825,798
466,516,206
55,56,1
866,767,659
881,798,719
526,568,282
908,809,757
235,245,39
279,302,61
691,697,483
706,699,473
796,754,598
912,814,751
425,466,170
671,691,483
108,109,7
5,5,0
931,800,743
29,33,0
440,484,179
297,319,67
921,803,730
53,53,1
978,812,763
773,720,528
432,480,194
388,429,141
0,0,0
124,127,12
241,253,44
149,151,12
593,628,367
583,606,333
272,288,58
853,791,692
827,772,626
283,308,62
840,767,646
231,242,38
466,518,225
952,815,776
273,294,61
934,806,733
313,338,83
361,403,126
762,720,551
460,517,212
26,26,0
426,469,171
220,227,36
631,649,395
141,143,12
876,788,682
278,299,61
158,163,17
358,388,114
910,789,712
786,766,634
161,166,14
362,402,116
658,680,476
602,646,414
125,128,10
687,700,510
324,364,108
655,663,432
189,197,27
450,504,227
906,804,765
383,428,162
528,581,314
245,265,49
626,648,419
122,126,7
841,771,689
707,705,514
522,570,293
631,645,385
386,434,155
885,787,719
348,388,122
176,181,20
594,626,385
781,755,627
125,128,11
672,671,444
465,507,213
75,75,2
14,16,0
912,820,814
608,644,392
815,771,689
865,798,773
200,205,28
79,79,2
293,323,70
169,179,15
308,335,77
269,282,56
432,482,184
42,43,1
361,406,113
836,775,668
908,804,821
698,701,506
924,805,748
732,732,563
795,743,631
936,824,846
190,202,26
345,384,109
357,395,128
196,203,29
547,587,320
363,400,130
87,90,4
489,542,258
468,514,236
647,665,449
47,47,0
300,330,82
254,267,49
999,827,811
547,579,310
246,256,51
91,94,4
412,461,180
986,835,856
820,753,639
589,609,359
593,615,358
73,73,2
828,758,634
430,476,181
586,611,332
583,629,418
225,237,40
425,480,208
259,276,58
563,599,352
643,650,425
988,834,833
112,112,9
440,491,193
645,657,423
973,847,900
934,814,826
861,776,657
725,712,544
375,408,143
673,676,488
896,795,832
418,453,172
542,575,296
91,93,4
383,421,142
87,87,3
584,617,350
89,89,4
574,614,349
852,783,667
846,779,673
883,795,715
875,800,736
864,788,687
192,205,27
808,773,687
937,815,805
459,507,219
37,39,0
524,575,302
603,645,405
47,49,0
116,118,7
860,793,775
332,364,99
874,772,700
989,814,796
793,758,674
127,131,11
232,243,43
606,632,420
613,643,415
890,785,753
461,502,227
36,38,1
394,434,146
90,91,4
124,130,7
319,351,91
139,144,15
126,134,8
83,84,3
590,630,373
949,816,754
809,764,665
294,314,77
596,626,388
241,259,46
39,39,0
320,360,94
799,762,650
673,687,507
732,720,592
717,720,554
730,719,558
92,94,4
131,133,9
489,547,265
938,834,839
619,642,433
311,341,96
826,788,749
777,742,598
976,836,855
682,691,488
264,282,55
359,398,124
728,721,562
664,675,475
451,496,205
196,200,28
844,771,685
223,238,35
257,276,51
629,646,420
257,285,50
753,728,581
744,732,617
523,570,288
425,466,170
331,377,97
79,80,3
699,719,545
918,795,725
147,149,11
977,837,847
219,230,35
880,799,741
229,245,39
963,813,744
759,740,580
96,96,3
208,216,33
57,61,1
302,338,83
251,264,48
900,797,733
751,722,547
514,561,279
907,800,739
365,401,131
742,731,563
832,761,628
430,482,194
769,731,545
157,163,17
288,316,64
604,628,388
570,610,371
482,521,248
165,170,17
546,601,353
345,361,103
503,549,276
756,758,665
878,785,707
436,473,178
238,255,43
66,68,1
836,752,645
248,267,50
186,189,23
627,648,435
650,670,464
189,199,23
627,655,459
30,30,1
968,816,1211
962,847,1203
513,556,291
498,540,256
995,833,879
687,674,468
457,510,200
604,648,431
970,832,901
347,391,112
632,644,395
339,374,103
772,744,641
869,799,812
683,701,542
326,365,100
810,756,650
955,808,784
393,445,164
466,502,218
12,12,1
935,818,778
558,594,333
522,560,275
867,785,756
101,107,5
899,799,795
640,654,444
425,470,176
391,427,126
38,39,1
372,422,135
407,456,170
610,642,458
418,471,202
343,380,121
760,748,660
590,611,363
127,127,7
381,418,134
740,714,516
371,422,132
123,128,8
385,433,154
681,692,484
922,807,726
204,217,29
105,107,5
19,22,0
950,830,884
504,549,310
349,392,133
477,535,281
948,800,841
148,150,17
971,824,917
92,95,4
878,790,711
348,389,105
661,671,455
869,778,682
341,375,110
550,588,342
965,836,856
338,368,97
313,332,95
417,449,175
798,740,628
400,447,170
761,733,592
964,813,808
626,655,431
766,748,632
99,103,4
982,826,850
917,819,831
217,223,38
997,824,833
760,726,584
629,636,392
646,652,443
888,803,809
